7372
7365
7361
7518
7519
7523
7529
7525
7517
7524
7525
7519
7524
7534
7526
7522
7525
7526
7526
7526
7529
7525
7517
7508
7500
7498
7491
7488
7483
7486
7488
7485
7489
7494
7498
7508
7503
7500
7510
7510
7507
7504
7516
7513
7512
7507
7511
7510
7511
7510
7513
7508
7509
7510
7511
7511
7506
7509
7511
7517
7517
7514
7518
7520
7516
7519
7520
7515
7515
7529
7521
7519
7521
7529
7524
7523
7524
7528
7525
7524
7531
7529
7529
7524
7528
7531
7532
7529
7530
7536
7528
7528
7531
7528
7530
7528
7516
7507
7494
7496
7494
7489
7492
7492
7498
7497
7492
7502
7507
7507
7506
7508
7515
7505
7511
7515
7513
7515
7516
7517
7517
7515
7515
7513
7523
7509
7511
7518
7513
7516
7511
7521
7517
7516
7517
7525
7524
7520
7524
7521
7516
7524
7527
7525
7523
7530
7528
7520
7527
7532
7526
7523
7529
7532
7529
7528
7530
7530
7536
7528
7532
7534
7532
7526
7530
7529
7527
7532
7531
7534
7510
7502
7497
7497
7492
7486
7489
7490
7492
7491
7496
7505
7497
7494
7508
7509
7508
7507
7515
7516
7509
7511
7518
7510
7513
7510
7513
7505
7505
7508
7517
7508
7508
7509
7510
7508
7508
7510
7514
7511
7511
7511
7516
7514
7512
7520
7520
7520
7516
7521
7522
7522
7521
7525
7530
7519
7522
7521
7529
7521
7523
7527
7525
7517
7528
7522
7526
7525
7532
7523
7513
7502
7497
7486
7481
7480
7483
7479
7480
7488
7498
7491
7488
7497
7499
7499
7502
7505
7504
7503
7508
7509
7506
7507
7502
7509
7509
7506
7504
7506
7505
7502
7508
7509
7506
7504
7507
7507
7506
7504
7517
7511
7509
7513
7514
7514
7511
7516
7517
7516
7518
7520
7523
7522
7517
7522
7523
7526
7526
7525
7524
7524
7525
7531
7527
7523
7523
7521
7530
7529
7527
7515
7504
7497
7491
7489
7485
7486
7479
7485
7490
7496
7498
7496
7499
7506
7503
7501
7504
7509
7505
7512
7511
7511
7510
7512
7516
7509
7504
7504
7509
7509
7505
7513
7514
7504
7508
7515
7518
7511
7509
7515
7512
7514
7519
7517
7518
7522
7522
7526
7519
7521
7529
7523
7525
7524
7531
7524
7523
7531
7532
7527
7527
7531
7528
7525
7532
7531
7526
7531
7530
7533
7530
7528
7528
7531
7523
7504
7503
7495
7485
7492
7489
7491
7490
7496
7500
7502
7505
7513
7506
7505
7511
7515
7513
7513
7513
7509
7511
7518
7512
7517
7512
7513
7516
7508
7511
7517
7515
7512
7514
7514
7509
7512
7520
7520
7520
7518
7520
7517
7519
7523
7521
7523
7522
7519
7525
7528
7517
7520
7529
7529
7526
7525
7523
7525
7527
7529
7531
7530
7528
7534
7527
7532
7528
7533
7525
7531
7531
7530
7533
7526
7531
7531
7517
7504
7499
7489
7488
7485
7490
7490
7494
7494
7496
7503
7500
7504
7505
7510
7503
7508
7514
7511
7509
7517
7510
7513
7511
7505
7510
7503
7507
7509
7508
7509
7511
7515
7509
7505
7511
7510
7508
7512
7514
7515
7510
7512
7516
7514
7522
7511
7525
7519
7518
7520
7524
7520
7520
7524
7518
7515
7523
7518
7517
7525
7522
7516
7516
7519
7525
7518
7521
7527
7520
7523
7524
7523
7524
7522
7520
7512
7502
7493
7489
7477
7476
7479
7476
7476
7477
7484
7485
7494
7494
7498
7503
7498
7494
7500
7498
7497
7508
7500
7499
7500
7508
7500
7504
7507
7506
7497
7506
7508
7500
7497
7505
7505
7498
7503
7509
7510
7500
7507
7512
7510
7510
7515
7514
7505
7511
7515
7513
7514
7513
7518
7513
7516
7510
7518
7512
7513
7517
7520
7517
7512
7516
7517
7518
7522
7522
7526
7523
7525
7521
7523
7519
7519
7509
7495
7483
7483
7478
7478
7471
7476
7484
7476
7480
7489
7492
7487
7493
7503
7497
7494
7500
7509
7499
7498
7506
7506
7502
7502
7503
7491
7503
7496
7500
7499
7497
7497
7507
7504
7502
7502
7508
7503
7507
7510
7513
7511
7503
7517
7517
7514
7510
7514
7522
7520
7514
7517
7516
7518
7516
7510
7514
7523
7513
7510
7519
7518
7514
7513
7515
7517
7523
7513
7517
7519
7518
7516
7519
7518
7518
7516
7513
7521
7521
7516
7512
7501
7481
7477
7474
7471
7465
7464
7463
7474
7470
7474
7479
7486
7489
7484
7486
7495
7493
7492
7490
7492
7494
7493
7491
7495
7491
7490
7495
7494
7490
7496
7491
7495
7496
7488
7490
7493
7500
7492
7496
7497
7497
7495
7502
7505
7500
7497
7504
7505
7501
7508
7505
7508
7506
7504
7504
7511
7506
7507
7511
7513
7504
7506
7516
7510
7507
7510
7509
7510
7507
7510
7511
7512
7509
7513
7513
7510
7505
7516
7518
7510
7506
7516
7513
7511
7488
7481
7470
7459
7464
7460
7457
7452
7455
7462
7459
7461
7471
7476
7470
7482
7481
7475
7474
7479
7484
7487
7481
7483
7484
7479
7481
7480
7476
7472
7475
7480
7479
7477
7473
7476
7480
7478
7476
7481
7489
7487
7485
7487
7494
7484
7488
7487
7490
7495
7493
7494
7498
7499
7495
7492
7498
7497
7498
7493
7494
7498
7497
7494
7497
7506
7496
7501
7501
7500
7496
7504
7503
7500
7502
7504
7503
7499
7499
7501
7502
7494
7482
7470
7463
7452
7443
7450
7452