7369
7378
7376
7424
7426
7420
7423
7423
7420
7422
7420
7419
7421
7422
7422
7423
7421
7423
7421
7426
7421
7423
7416
7427
7427
7422
7418
7421
7424
7425
7426
7423
7419
7421
7426
7426
7425
7424
7420
7421
7427
7418
7417
7413
7422
7422
7427
7419
7419
7417
7427
7423
7421
7415
7417
7425
7423
7420
7420
7421
7425
7426
7421
7416
7420
7423
7423
7413
7415
7428
7419
7424
7413
7416
7419
7427
7422
7425
7414
7423
7426
7423
7425
7415
7418
7425
7420
7426
7423
7423
7427
7425
7425
7425
7423
7429
7424
7422
7423
7423
7427
7430
7428
7424
7420
7420
7430
7429
7423
7423
7416
7423
7430
7423
7422
7421
7426
7425
7423
7420
7426
7431
7428
7425
7428
7425
7431
7430
7425
7425
7421
7429
7426
7422
7424
7421
7426
7427
7427
7425
7428
7424
7426
7427
7426
7417
7424
7425
7426
7423
7421
7420
7426
7427
7424
7424
7425
7422
7424
7429
7424
7420
7425
7428
7429
7423
7423
7426
7426
7427
7423
7426
7418
7423
7426
7426
7425
7424
7425
7427
7424
7425
7422
7426
7430
7427
7425
7423
7422
7428
7427
7426
7424
7427
7427
7426
7426
7423
7423
7428
7430
7427
7427
7428
7426
7428
7430
7425
7431
7427
7430
7428
7427
7423
7423
7424
7432
7430
7434
7427
7425
7429
7426
7427
7427
7421
7425
7432
7426
7426
7418
7422
7422
7424
7420
7423
7420
7424
7425
7421
7422
7422
7427
7428
7425
7419
7425
7427
7421
7422
7423
7423
7426
7422
7423
7428
7426
7430
7428
7426
7420
7426
7427
7423
7423
7424
7426
7424
7427
7425
7423
7429
7425
7422
7425
7419
7427
7430
7427
7424
7422
7426
7431
7428
7421
7424
7428
7428
7427
7431
7427
7422
7425
7433
7430
7430
7422
7427
7428
7431
7427
7429
7428
7427
7429
7430
7426
7425
7424
7427
7425
7430
7424
7418
7426
7433
7423
7424
7420
7426
7423
7422
7420
7427
7430
7429
7425
7424
7424
7426
7428
7426
7426
7421
7424
7423
7427
7427
7423
7425
7428
7431
7425
7417
7423
7423
7428
7432
7426
7425
7426
7428
7425
7429
7431
7425
7424
7426
7428
7426
7423
7423
7431
7427
7430
7424
7423
7426
7430
7430
7431
7428
7431
7433
7436
7428
7429
7425
7431
7429
7433
7425
7428
7429
7431
7427
7428
7430
7432
7431
7432
7429
7424
7432
7433
7430
7428
7424
7430
7425
7427
7426
7423
7426
7427
7425
7426
7425
7424
7429
7431
7425
7426
7427
7425
7430
7426
7429
7427
7427
7427
7423
7424
7421
7424
7429
7427
7426
7425
7426
7429
7425
7425
7424
7428
7434
7426
7433
7422
7430
7436
7429
7428
7424
7430
7423
7430
7431
7428
7429
7431
7430
7424
7422
7427
7435
7429
7434
7429
7423
7425
7430
7429
7431
7430
7428
7429
7430
7428
7432
7427
7431
7431
7429
7424
7424
7430
7432
7434
7424
7427
7432
7432
7428
7425
7433
7429
7429
7427
7429
7431
7432
7436
7428
7431
7433
7439
7433
7430
7430
7435
7430
7429
7428
7428
7422
7434
7426
7428
7428
7429
7428
7429
7429
7424
7422
7432
7434
7430
7428
7422
7431
7436
7429
7425
7428
7433
7430
7429
7424
7426
7435
7427
7427
7426
7428
7432
7432
7430
7433
7431
7433
7430
7431
7432
7432
7426
7431
7433
7426
7433
7431
7424
7429
7435
7425
7427
7428
7430
7432
7433
7431
7430
7435
7433
7429
7429
7431
7439
7434
7433
7433
7434
7435
7436
7433
7434
7433
7430
7434
7432
7430
7434
7428
7437
7433
7436
7423
7437
7434
7430
7434
7434
7434
7431
7435
7437
7437
7432
7430
7434
7437
7428
7431
7427
7432
7429
7427
7427
7428
7427
7433
7433
7422
7429
7429
7436
7433
7435
7436
7431
7424
7436
7438
7428
7429
7427
7432
7430
7431
7426
7426
7428
7432
7428
7426
7428
7432
7434
7436
7427
7434
7430
7433
7433
7432
7436
7440
7438
7435
7435
7442
7443
7435
7433
7439
7436
7438
7443
7436
7434
7431
7437
7442
7432
7437
7438
7434
7439
7436
7434
7434
7436
7439
7435
7434
7432
7439
7438
7434
7431
7438
7439
7442
7443
7445
7439
7444
7444
7439
7439
7437
7434
7441
7439
7442
7430
7438
7436
7432
7434
7433
7429
7425
7428
7438
7433
7417
7423
7420
7427
7426
7419
7421
7423
7427
7422
7423
7420
7432
7432
7422
7432
7427
7433
7431
7432
7428
7423
7430
7432
7426
7429
7426
7430
7433
7428
7431
7432
7435
7438
7436
7440
7437
7441
7442
7448
7447
7441
7444
7441
7441
7438
7443
7432
7447
7442
7443
7434
7435
7438
7445
7439
7437
7434
7434
7429
7439
7439
7434
7441
7435
7438
7434
7437
7438
7432
7434
7437
7439
7438
7437
7430
7434
7440
7432
7436
7435
7432
7438
7432
7432
7435
7436
7441
7435
7433
7429
7432
7441
7436
7430
7435
7438
7436
7429
7427
7434
7435
7433
7436
7435
7428
7436
7435
7435
7432
7431
7435
7435
7440
7436
7432
7435
7432
7441
7435
7435
7438
7430
7439
7441
7435
7434
7441
7444
7442
7443
7429
7437
7447
7444
7438
7434
7440
7441
7437
7435
7435
7440
7442
7441
7438
7438
7431
7442
7444
7443
7439
7441
7448
7443
7436
7440
7438
7442
7443
7438
7443
7443
7441
7440
7441
7436
7434