7615
7616
7623
7636
7640
7638
7640
7630
7635
7632
7631
7640
7635
7633
7622
7633
7635
7634
7634
7634
7628
7633
7641
7636
7639
7630
7637
7639
7640
7632
7636
7639
7641
7632
7635
7634
7643
7640
7632
7635
7635
7641
7637
7635
7634
7637
7638
7636
7640
7633
7636
7637
7642
7634
7637
7640
7635
7637
7641
7644
7640
7639
7636
7641
7647
7640
7643
7640
7644
7642
7635
7640
7644
7646
7641
7637
7638
7644
7645
7643
7640
7646
7640
7646
7644
7635
7636
7642
7644
7639
7643
7637
7639
7638
7636
7632
7633
7636
7640
7631
7635
7630
7634
7639
7639
7633
7632
7629
7636
7640
7632
7633
7629
7634
7638
7635
7633
7628
7631
7633
7637
7635
7636
7641
7639
7638
7637
7632
7637
7641
7638
7636
7633
7639
7637
7633
7634
7638
7637
7635
7636
7632
7640
7642
7644
7635
7638
7639
7638
7637
7642
7637
7637
7638
7642
7641
7640
7637
7645
7641
7637
7640
7638
7643
7642
7638
7642
7634
7645
7646
7649
7640
7642
7638
7639
7639
7636
7639
7635
7637
7642
7636
7631
7633
7636
7636
7630
7634
7639
7634
7637
7627
7628
7635
7635
7634
7635
7631
7630
7633
7634
7633
7632
7627
7633
7633
7630
7622
7632
7633
7637
7638
7635
7634
7634
7635
7637
7631
7636
7631
7635
7633
7635
7632
7634
7634
7638
7636
7636
7634
7635
7640
7636
7636
7637
7641
7642
7640
7633
7638
7638
7640
7636
7634
7637
7639
7640
7639
7637
7637
7644
7636
7643
7641
7636
7639
7644
7645
7646
7638
7644
7645
7642
7643
7635
7638
7642
7646
7640
7634
7640
7640
7635
7640
7636
7635
7633
7635
7631
7634
7636
7632
7626
7631
7633
7635
7638
7631
7628
7632
7633
7633
7630
7625
7629
7637
7632
7629
7626
7632
7629
7632
7632
7626
7633
7636
7634
7635
7631
7630
7633
7637
7636
7633
7638
7633
7638
7636
7629
7639
7636
7634
7630
7643
7641
7632
7631
7630
7637
7638
7640
7636
7636
7640
7640
7641
7638
7635
7636
7637
7641
7639
7638
7632
7634
7643
7642
7640
7638
7639
7640
7648
7647
7644
7640
7646
7645
7645
7644
7640
7643
7647
7647
7641
7645
7642
7645
7649
7644
7643
7641
7642
7639
7642
7640
7642
7636
7641
7641
7635
7638
7634
7638
7640
7640
7631
7633
7638
7641
7634
7627
7638
7645
7637
7632
7631
7634
7635
7638
7632
7634
7639
7646
7640
7641
7633
7639
7645
7639
7641
7636
7638
7640
7644
7640
7636
7635
7642
7636
7643
7638
7633
7639
7646
7649
7640
7639
7641
7639
7645
7642
7639
7643
7641
7642
7641
7643
7639
7644
7642
7644
7641
7643
7646
7645
7648
7646
7641
7643
7638
7645
7642
7644
7649
7647
7646
7644
7641
7644
7646
7653
7644
7645
7643
7648
7647
7641
7641
7639
7648
7641
7640
7637
7638
7640
7640
7636
7637
7633
7637
7636
7637
7638
7636
7638
7637
7639
7638
7634
7634
7641
7643
7642
7637
7634
7635
7642
7638
7639
7635
7644
7642
7643
7637
7641
7638
7644
7637
7642
7639
7636
7636
7643
7641
7643
7639
7638
7642
7642
7637
7635
7638
7645
7644
7642
7636
7640
7648
7646
7646
7641
7639
7643
7647
7645
7647
7638
7646
7646
7649
7645
7639
7644
7653
7646
7645
7641
7647
7646
7644
7649
7647
7646
7647
7650
7647
7646
7643
7646
7649
7643
7643
7639
7643
7645
7640
7637
7640
7639
7641
7643
7642
7638
7644
7641
7637
7639
7633
7634
7643
7640
7637
7637
7633
7642
7642
7641
7644
7634
7645
7640
7642
7641
7638
7642
7643
7644
7636
7642
7644
7641
7643
7642
7636
7644
7640
7642
7640
7645
7639
7642
7646
7640
7638
7636
7650
7647
7644
7644
7636
7643
7648
7645
7644
7640
7646
7645
7644
7645
7642
7649
7653
7644
7644
7642
7645
7648
7651
7648
7650
7648
7649
7651
7648
7637
7651
7648
7648
7655
7651
7649
7648
7648
7653
7649
7646
7646
7647
7643
7647
7645
7637
7640
7638
7649
7649
7648
7641
7640
7641
7638
7638
7639
7633
7636
7646
7637
7643
7641
7643
7648
7644
7644
7639
7644
7646
7642
7639
7642
7641
7639
7644
7639
7647
7644
7642
7638
7645
7642
7651
7650
7645
7645
7641
7644
7655
7647
7643
7640
7651
7644
7647
7645
7644
7646
7649
7651
7647
7647
7649
7648
7652
7650
7651
7644
7649
7651
7648
7647
7647
7646
7650
7651
7650
7656
7646
7654
7653
7652
7652
7648
7652
7659
7650
7652
7654
7654
7656
7651
7654
7650
7654
7653
7655
7651
7643
7651
7649
7646
7647
7643
7650
7646
7643
7644
7643
7642
7645
7651
7646
7644
7644
7648
7646
7645
7644
7645
7651
7643
7642
7640
7644
7648
7643
7652
7645
7644
7645
7649
7651
7652
7642
7655
7649
7650
7646
7643
7649
7646
7650
7651
7642
7648
7651
7648
7647
7648
7652
7649
7645
7645
7654
7647
7652
7646
7646
7653
7653
7657
7648
7650
7653
7651
7653
7654
7648
7656
7651
7650
7658
7652
7651
7655
7653
7653
7654
7653
7648
7652
7655
7652
7649
7653
7657
7657
7655
7649
7648
7649
7650
7651
7649
7646
7646
7649
7645
7646
7654
7642
7648
7654
7648
7649
7642
7642
7650
7650
7641
7646
7643
7648
7652
7643
7640
7649