100760
100775
100769
100448
100428
100407
100389
100386
100390
100386
100398
100381
100373
100371
100371
100374
100378
100381
100385
100390
100391
100377
100367
100369
100379
100389
100395
100416
100417
100416
100405
100412
100410
100410
100411
100411
100410
100396
100379
100369
100371
100375
100374
100373
100383
100392
100394
100380
100378
100383
100391
100391
100393
100401
100402
100390
100393
100388
100390
100387
100382
100382
100389
100377
100370
100362
100358
100355
100361
100351
100354
100335
100320
100311
100308
100319
100328
100360
100360
100342
100326
100321
100315
100332
100347
100355
100362
100350
100322
100294
100294
100295
100304
100315
100321
100302
100283
100275
100268
100265
100260
100279
100283
100288
100283
100287
100268
100265
100274
100291
100313
100309
100306
100315
100307
100303
100303
100291
100292
100300
100300
100302
100285
100271
100271
100274
100265
100262
100263
100280
100286
100281
100290
100284
100286
100294
100296
100309
100301
100298
100293
100299
100288
100290
100281
100289
100288
100275
100275
100269
100274
100280
100275
100268
100268
100265
100269
100261
100250
100229
100211
100226
100238
100251
100246
100241
100232
100224
100230
100240
100261
100261
100266
100265
100242
100227
100229
100232
100249
100259
100242
100224
100210
100210
100204
100197
100209
100223
100225
100215
100205
100204
100206
100211
100238
100247
100268
100260
100255
100266
100259
100250
100258
100254
100238
100227
100228
100224
100232
100242
100237
100234
100217
100217
100217
100236
100252
100264
100259
100257
100250
100245
100236
100237
100256
100273
100266
100262
100255
100250
100252
100248
100258
100249
100247
100237
100242
100238
100239
100246
100254
100257
100254
100244
100243
100255
100260
100254
100237
100220
100204
100189
100207
100211
100212
100204
100197
100195
100189
100195
100223
100242
100255
100260
100261
100256
100260
100260
100271
100286
100277
100269
100258
100247
100227
100204
100199
100205
100218
100223
100226
100232
100236
100254
100252
100263
100273
100290
100285
100287
100295
100291
100299
100312
100318
100321
100325
100335
100332
100330
100329
100332
100315
100318
100311
100309
100295
100287
100294
100296
100320
100334
100344
100349
100352
100358
100362
100361
100356
100353
100370
100376
100371
100371
100364
100359
100355
100354
100357
100347
100345
100352
100371
100367
100363
100361
100370
100370
100382
100378
100382
100370
100355
100342
100339
100344
100357
100361
100364
100345
100341
100334
100360
100380
100387
100390
100371
100357
100334
100339
100329
100333
100344
100361
100364
100337
100320
100314
100321
100314
100316
100327
100346
100356
100349
100339
100336
100339
100358
100376
100408
100408
100401
100394
100398
100391
100378
100375
100363
100364
100360
100367
100379
100378
100384
100379
100372
100363
100359
100360
100370
100370
100382
100384
100404
100410
100406
100406
100402
100402
100408
100405
100405
100397
100383
100380
100374
100373
100379
100375
100388
100401
100383
100387
100377
100382
100382
100351
100330
100316
100325
100327
100353
100361
100379
100380
100370
100374
100375
100373
100389
100400
100398
100394
100367
100346
100343
100344
100339
100332
100330
100333
100316
100303
100292
100307
100310
100324
100337
100346
100343
100338
100324
100319
100324
100348
100366
100396
100396
100379
100363
100352
100367
100368
100367
100363
100354
100350
100342
100339
100337
100330
100335
100336
100341
100331
100337
100365
100374
100371
100366
100355
100345
100342
100350
100354
100368
100361
100359
100350
100355
100349
100355
100348
100342
100340
100325
100326
100332
100324
100304
100280
100265
100270
100282
100300
100322
100315
100294
100276
100270
100293
100324
100345
100355
100359
100337
100312
100300
100284
100288
100300
100304
100292
100301
100287
100267
100261
100259
100261
100264
100268
100279
100290
100295
100301
100301
100291
100301
100318
100323
100321
100336
100344
100343
100325
100309
100311
100313
100327
100325
100318
100293
100287
100290
100297
100314
100325
100325
100326
100322
100330
100344
100345
100351
100352
100343
100339
100358
100357
100350
100347
100342
100333
100336
100333
100342
100333
100317
100310
100306
100293
100287
100278
100280
100269
100265
100270
100257
100264
100271
100283
100292
100282
100272
100264
100265
100288
100289
100275
100264
100249
100239
100225
100216
100226
100235
100232
100217
100206
100199
100204
100205
100198
100197
100203
100207
100208
100208
100205
100203
100194
100208
100218
100241
100234
100244
100244
100236
100238
100223
100225
100224
100218
100209
100203
100193
100178
100174
100178
100177
100177
100180
100191
100201
100201
100201
100219
100213
100215
100237
100238
100228
100227
100228
100233
100234
100228
100232
100229
100214
100216
100199
100217
100219
100215
100214
100218
100211
100215
100219
100224
100227
100214
100196
100182
100183
100183
100193
100195
100193
100179
100175
100171
100190
100202
100216
100213
100205
100196
100182
100181
100189
100199
100202
100198
100196
100196
100184
100184
100174
100181
100187
100185
100186
100183
100189
100196
100208
100213
100228
100233
100244
100243
100244
100248
100256
100259
100258
100241
100232
100227
100233
100238
100250
100242
100236
100247
100252
100259
100255
100264
100256
100258
100277
100289
100291
100306
100306
100315
100316
100311
100319
100316
100317
100335
100344
100348
100339
100337
100337
100330
100342
100342
100348
100352
100346
100340
100330
100321
100329
100337
100333
100326
100329
100330
100334
100334
100348
100340
100352
100335
100328
100312
100315
100324
100340
100364
100369
100378
100380
100372
100374
100385
100379
100365
100362
100351
100325
100308
100298
100291
100291
100301
100316
100321
100329
100350
100343
100332
100336
100344
100366
100382
100389
100393
100388
100393
100397
100410
100411
100407
100412
100407
100413
100395
100385
100373
100371
100377
100389
100389
100389
100380
100399
100407
100419
100421
100407
100402
100412
100408
100410
100405
100411
100409
100403
100400
100401
100411
100409
100416
100412
100406
100387
100376
100389
100390
100382
100351
100348
100350
100352
100364
100383
100406
100406
100385
100369
100368
100369
100390
100401
100401
100393