94954
94954
94943
94906
94914
94909
94913
94908
94913
94912
94915
94903
94912
94926
94927
94929
94929
94925
94935
94926
94916
94919
94922
94917
94920
94906
94903
94900
94903
94910
94918
94923
94911
94902
94916
94915
94917
94922
94927
94923
94926
94916
94910
94906
94905
94909
94904
94902
94901
94903
94896
94901
94906
94901
94915
94907
94914
94921
94913
94909
94910
94912
94922
94921
94925
94923
94921
94929
94928
94920
94938
94945
94951
94949
94944
94945
94948
94949
94940
94942
94939
94944
94938
94939
94943
94941
94946
94942
94945
94951
94958
94962
94958
94960
94962
94967
94971
94969
94967
94955
94963
94971
94961
94965
94962
94965
94963
94957
94945
94943
94939
94932
94930
94930
94940
94949
94947
94937
94949
94953
94956
94966
94976
94978
94964
94963
94957
94952
94943
94934
94927
94936
94922
94918
94918
94917
94911
94910
94925
94923
94924
94924
94921
94923
94925
94931
94940
94944
94945
94952
94947
94954
94947
94952
94954
94955
94949
94951
94949
94949
94951
94945
94934
94938
94934
94937
94939
94945
94941
94939
94950
94949
94951
94949
94953
94962
94964
94973
94960
94955
94972
94969
94969
94969
94960
94966
94958
94951
94936
94932
94927
94922
94916
94921
94922
94914
94915
94923
94934
94927
94935
94933
94936
94937
94921
94921
94923
94918
94915
94912
94915
94907
94904
94897
94901
94902
94891
94884
94890
94887
94883
94880
94887
94889
94887
94899
94900
94906
94907
94907
94913
94912
94915
94914
94909
94914
94921
94911
94898
94892
94902
94903
94893
94894
94902
94913
94899
94900
94902
94903
94904
94911
94912
94914
94920
94913
94909
94926
94924
94926
94920
94924
94927
94912
94920
94915
94922
94921
94919
94912
94902
94885
94886
94880
94884
94879
94875
94873
94877
94872
94881
94882
94899
94898
94896
94886
94885
94885
94878
94882
94878
94867
94869
94866
94860
94859
94858
94862
94857
94854
94852
94852
94852
94848
94848
94853
94854
94869
94866
94870
94874
94872
94885
94884
94887
94886
94893
94892
94883
94882
94875
94880
94881
94866
94868
94872
94876
94872
94876
94884
94885
94879
94879
94872
94874
94887
94888
94891
94887
94895
94899
94893
94892
94895
94900
94897
94901
94901
94899
94904
94906
94896
94911
94904
94903
94890
94897
94900
94892
94897
94904
94903
94899
94887
94880
94878
94887
94877
94885
94879
94873
94866
94864
94870
94874
94877
94877
94870
94877
94861
94862
94857
94863
94864
94856
94861
94855
94853
94858
94850
94852
94855
94846
94849
94848
94846
94854
94846
94860
94859
94874
94868
94872
94882
94891
94889
94895
94903
94893
94889
94895
94902
94896
94880
94882
94883
94885
94885
94871
94876
94891
94893
94900
94895
94900
94903
94910
94913
94921
94924
94919
94912
94917
94918
94919
94920
94913
94924
94918
94917
94913
94913
94914
94927
94923
94920
94927
94926
94934
94950
94935
94932
94942
94940
94947
94943
94939
94936
94926
94918
94921
94918
94921
94934
94927
94929
94923
94924
94931
94938
94937
94928
94930
94927
94921
94909
94906
94908
94920
94917
94915
94912
94906
94904
94908
94913
94913
94910
94912
94910
94918
94914
94909
94901
94924
94923
94927
94924
94927
94928
94937
94931
94948
94952
94947
94951
94947
94938
94934
94932
94932
94931
94924
94935
94928
94929
94929
94928
94940
94929
94928
94932
94941
94946
94940
94941
94945
94949
94945
94942
94945
94946
94946
94952
94951
94947
94947
94950
94942
94939
94943
94939
94935
94925
94920
94912
94912
94911
94918
94927
94922
94917
94925
94933
94939
94933
94945
94937
94932
94923
94918
94910
94920
94916
94915
94911
94905
94908
94906
94898
94901
94901
94895
94901
94910
94902
94904
94898
94903
94904
94918
94917
94918
94931
94930
94924
94920
94926
94931
94925
94934
94924
94924
94922
94919
94911
94930
94909
94917
94912
94912
94927
94918
94923
94926
94928
94936
94942
94936
94931
94936
94934
94935
94931
94930
94933
94942
94943
94937
94933
94930
94928
94933
94933
94934
94941
94923
94919
94913
94895
94911
94906
94911
94914
94919
94920
94919
94917
94918
94925
94931
94924
94918
94905
94896
94899
94902
94904
94903
94895
94891
94887
94888
94879
94878
94885
94882
94878
94883
94889
94880
94886
94875
94879
94882
94887
94895
94895
94907
94907
94904
94902
94899
94901
94898
94898
94904
94897
94899
94894
94891
94891
94883
94902
94901
94899
94911
94897
94905
94900
94902
94901
94913
94912
94921
94917
94920
94911
94902
94901
94905
94910
94908
94911
94907
94905
94916
94910
94903
94905
94903
94906
94910
94902
94901
94889
94884
94881
94896
94893
94893
94891
94884
94891
94882
94887
94896
94903
94905
94887
94874
94866
94866
94870
94867
94860
94867
94861
94852
94840
94834
94839
94835
94830
94836
94841
94840
94838
94836
94833
94846
94849
94862
94865
94870
94865
94865
94868
94866
94865
94851
94863
94855
94852
94853
94852
94854
94844
94849
94847
94854
94850
94848
94851
94855
94856
94860
94862
94873
94868
94875
94866
94873
94874
94869
94873
94870
94885
94885
94874
94880
94876
94876
94881
94873
94853
94865
94873
94877
94866
94853
94853
94844
94834
94841
94829
94835
94839
94833
94835
94839
94840
94842
94831
94825
94826
94824
94823
94824
94832
94825
94818
94814
94815
94815
94820
94816
94817
94814
94820
94817
94816
94821
94818
94823
94834
94826
94830
94847
94839
94850
94844
94847
94841
94849
94847
94846
94846
94833
94830
94830
94829
94817
94821
94824
94828
94824
94835
94824
94842
94846
94855
94852
94852
94860
94868
94867
94865
94868
94871
94876
94879
94877
94868
94869