90473
90477
90469
90867
90863
90863
90870
90870
90859
90860
90849
90857
90857
90845
90852
90846
90847
90854
90850
90848
90842
90856
90865
90864
90871
90872
90872
90870
90886
90885
90882
90879
90884
90879
90874
90880
90884
90873
90876
90876
90880
90879
90881
90878
90887
90893
90893
90885
90893
90890
90894
90904
90895
90905
90907
90894
90902
90907
90910
90898
90900
90902
90900
90901
90908
90899
90908
90903
90911
90913
90911
90909
90916
90906
90917
90932
90932
90919
90937
90929
90923
90923
90916
90923
90930
90922
90909
90906
90914
90910
90917
90906
90907
90901
90899
90901
90905
90902
90907
90904
90909
90907
90900
90898
90891
90893
90897
90894
90891
90881
90885
90879
90880
90879
90874
90879
90881
90883
90878
90872
90872
90864
90881
90886
90888
90893
90899
90898
90910
90908
90907
90911
90915
90912
90910
90908
90906
90899
90896
90891
90892
90891
90892
90896
90897
90893
90898
90893
90904
90911
90912
90910
90913
90911
90921
90921
90918
90920
90918
90913
90914
90911
90919
90907
90908
90913
90908
90923
90922
90917
90918
90910
90913
90921
90930
90933
90932
90928
90928
90937
90928
90934
90932
90925
90926
90922
90926
90922
90916
90920
90928
90916
90917
90909
90905
90910
90911
90915
90913
90914
90911
90911
90899
90894
90894
90899
90897
90904
90903
90893
90896
90895
90890
90892
90893
90900
90905
90901
90899
90887
90888
90887
90887
90903
90911
90913
90917
90912
90915
90919
90926
90913
90919
90911
90914
90919
90912
90905
90907
90907
90901
90905
90899
90912
90911
90913
90921
90922
90927
90934
90928
90916
90929
90935
90934
90930
90928
90934
90931
90940
90937
90934
90934
90932
90938
90932
90932
90935
90943
90928
90937
90946
90945
90941
90939
90947
90946
90947
90949
90955
90946
90936
90930
90938
90941
90941
90938
90936
90931
90938
90928
90926
90935
90922
90928
90926
90926
90920
90914
90907
90916
90923
90912
90912
90908
90906
90913
90917
90911
90921
90920
90922
90929
90923
90923
90920
90918
90927
90932
90942
90936
90932
90931
90927
90945
90943
90942
90937
90933
90936
90940
90938
90935
90934
90946
90956
90963
90973
90976
90975
90977
90976
90962
90945
90923
90926
90919
90913
90908
90900
90883
90876
90872
90865
90868
90873
90874
90883
90891
90893
90906
90927
90943
90954
90964
90976
90968
90961
90958
90950
90941
90935
90919
90897
90871
90859
90834
90826
90806
90786
90774
90769
90758
90744
90734
90719
90711
90710
90707
90692
90685
90679
90668
90657
90654
90654
90651
90656
90635
90632
90633
90627
90622
90628
90624
90626
90635
90644
90654
90651
90655
90666
90691
90707
90726
90748
90768
90779
90799
90818
90843
90858
90873
90882
90898
90904
90907
90901
90896
90901
90890
90887
90883
90873
90865
90860
90853
90842
90835
90831
90820
90821
90817
90821
90831
90822
90822
90827
90832
90836
90835
90840
90843
90839
90859
90859
90866
90865
90872
90861
90853
90857
90844
90833
90837
90849
90854
90856
90867
90860
90857
90855
90852
90855
90857
90854
90859
90851
90845
90830
90825
90826
90822
90826
90828
90822
90815
90811
90811
90808
90811
90809
90816
90818
90816
90823
90817
90821
90825
90824
90839
90839
90843
90843
90841
90845
90847
90848
90846
90851
90849
90844
90838
90828
90833
90828
90833
90822
90820
90818
90814
90819
90828
90824
90826
90828
90835
90837
90835
90831
90835
90845
90849
90848
90858
90850
90854
90857
90853
90846
90852
90840
90841
90827
90824
90817
90817
90814
90819
90820
90816
90809
90811
90802
90810
90809
90819
90822
90817
90821
90820
90805
90803
90797
90797
90807
90804
90797
90790
90788
90786
90796
90791
90795
90797
90792
90792
90793
90792
90789
90790
90792
90804
90817
90809
90800
90807
90809
90808
90807
90805
90809
90805
90812
90806
90796
90792
90791
90786
90798
90796
90791
90795
90795
90801
90792
90803
90805
90809
90812
90818
90813
90823
90815
90829
90829
90829
90824
90833
90833
90834
90823
90821
90819
90812
90824
90826
90813
90814
90801
90805
90795
90785
90774
90767
90767
90770
90781
90784
90795
90795
90791
90792
90784
90791
90792
90794
90794
90796
90790
90795
90786
90786
90781
90783
90786
90772
90777
90768
90764
90771
90762
90762
90753
90754
90760
90761
90761
90771
90771
90779
90782
90785
90788
90793
90794
90805
90804
90814
90815
90817
90811
90805
90797
90791
90797
90794
90801
90803
90802
90803
90805
90800
90815
90814
90807
90797
90800
90808
90812
90805
90800
90803
90809
90804
90808
90806
90816
90814
90819
90824
90826
90822
90837
90832
90834
90839
90838
90831
90832
90829
90843
90844
90844
90835
90824
90830
90830
90833
90831
90809
90810
90806
90808
90806
90807
90818
90806
90803
90791
90795
90790
90785
90791
90801
90800
90798
90797
90786
90790
90794
90788
90790
90792
90784
90793
90790
90788
90789
90789
90785
90788
90789
90797
90798
90801
90789
90790
90793
90790
90793
90796
90798
90790
90795
90796
90799
90790
90791
90796
90791
90787
90799
90802
90803
90805
90797
90807
90809
90803
90812
90807
90802
90807
90806
90810
90801
90808
90811
90813
90800
90785
90776
90785
90796
90813
90824
90826
90810
90799
90804
90818
90828
90832
90822
90822
90800
90787
90778
90789
90799
90801
90798
90799
90801
90794
90802
90802
90814
90809
90803
90793
90793
90808
90797
90813
90803
90803
90802
90796
90798
90799
90791
90784
90777
90778
90781
90770
90772
90771
90768
90753
90752
90754
90753
90763
90764
90752
90752
90736
90739
90750
90763
90760
90773
90776
90770