202594
202596
202599
205090
205082
205097
205103
205101
205111
205110
205097
205108
205123
205119
205114
205126
205118
205123
205131
205135
205134
205127
205123
205118
205120
205134
205142
205156
205151
205157
205154
205148
205150
205139
205152
205145
205142
205128
205128
205126
205119
205117
205089
205090
205095
205100
205103
205108
205113
205103
205114
205120
205130
205143
205162
205158
205165
205167
205162
205147
205143
205147
205143
205157
205157
205157
205139
205138
205154
205153
205150
205142
205141
205133
205130
205128
205118
205107
205100
205103
205091
205106
205108
205103
205082
205099
205103
205102
205126
205133
205130
205142
205141
205137
205132
205134
205144
205146
205151
205137
205155
205154
205159
205168
205167
205166
205184
205176
205181
205182
205154
205132
205122
205104
205107
205125
205139
205148
205149
205133
205153
205148
205135
205155
205155
205176
205178
205186
205182
205164
205180
205173
205182
205186
205188
205189
205194
205198
205212
205208
205221
205236
205245
205254
205273
205268
205261
205268
205246
205257
205259
205246
205239
205229
205235
205215
205214
205241
205247
205267
205278
205283
205285
205297
205285
205276
205286
205277
205289
205288
205303
205308
205312
205319
205326
205332
205332
205352
205349
205346
205359
205375
205373
205407
205408
205407
205401
205405
205399
205399
205407
205399
205397
205383
205365
205346
205326
205330
205332
205347
205373
205393
205424
205433
205431
205442
205434
205444
205449
205450
205447
205458
205455
205451
205452
205454
205451
205455
205452
205454
205451
205449
205453
205460
205471
205492
205473
205487
205490
205482
205471
205472
205465
205464
205474
205478
205476
205487
205489
205492
205504
205511
205510
205519
205519
205518
205528
205544
205544
205550
205559
205557
205560
205563
205564
205571
205593
205577
205574
205591
205594
205593
205587
205581
205572
205565
205565
205591
205585
205587
205595
205585
205591
205595
205589
205585
205551
205551
205574
205590
205601
205605
205598
205595
205593
205601
205607
205613
205620
205641
205657
205669
205671
205662
205664
205654
205654
205665
205677
205682
205691
205696
205697
205707
205708
205707
205712
205702
205694
205675
205668
205674
205673
205685
205676
205691
205693
205688
205699
205715
205697
205664
205692
205699
205717
205727
205731
205747
205744
205738
205738
205727
205728
205752
205765
205763
205766
205766
205759
205750
205750
205762
205773
205777
205785
205783
205779
205792
205798
205784
205787
205807
205804
205804
205811
205805
205786
205783
205775
205787
205803
205799
205823
205823
205818
205814
205820
205803
205807
205808
205811
205801
205797
205792
205788
205777
205783
205798
205797
205796
205820
205803
205811
205812
205820
205829
205848
205862
205875
205869
205872
205862
205870
205866
205876
205860
205876
205866
205879
205873
205874
205874
205870
205867
205862
205864
205880
205890
205891
205903
205909
205903
205898
205900
205900
205908
205926
205925
205917
205901
205907
205916
205918
205929
205939
205941
205938
205949
205957
205935
205927
205921
205915
205918
205915
205917
205924
205913
205910
205897
205873
205879
205887
205907
205910
205925
205923
205930
205941
205962
205959
205971
205983
205983
205985
206003
206003
206007
206008
206008
206007
206009
206004
206012
206010
205997
205994
205986
205991
205988
205975
205987
205980
205961
205961
205954
205936
205930
205921
205923
205924
205918
205931
205917
205911
205915
205905
205910
205931
205931
205946
205949
205962
205951
205945
205942
205944
205958
205959
205973
205977
205983
205974
205968
205968
205969
205967
205966
205980
205982
205980
205998
205990
205978
205973
205977
205982
205985
205990
205987
205991
205997
205982
205969
205973
205955
205943
205951
205947
205950
205965
205960
205967
205953
205964
205959
205959
205956
205955
205937
205940
205931
205918
205911
205916
205932
205941
205951
205967
205976
205981
205979
205988
206011
206034
206055
206086
206106
206124
206132
206121
206109
206105
206098
206094
206102
206120
206114
206116
206118
206132
206135
206136
206144
206157
206154
206169
206175
206183
206183
206173
206194
206194
206196
206203
206224
206215
206222
206236
206249
206240
206249
206255
206250
206240
206239
206241
206258
206252
206264
206276
206283
206274
206288
206268
206266
206264
206272
206289
206319
206328
206336
206326
206324
206322
206328
206315
206321
206309
206326
206321
206333
206332
206324
206315
206336
206340
206342
206355
206357
206352
206355
206356
206376
206391
206385
206393
206392
206371
206374
206361
206354
206355
206349
206347
206357
206349
206347
206348
206345
206354
206352
206366
206369
206377
206383
206375
206366
206369
206351
206356
206365
206379
206388
206417
206416
206418
206425
206417
206404
206416
206408
206413
206431
206426
206429
206432
206408
206398
206367
206378
206358
206370
206375
206378
206390
206378
206375
206375
206382
206382
206386
206377
206403
206396
206399
206398
206399
206397
206408
206418
206427
206436
206433
206429
206436
206427
206427
206435
206427
206448
206441
206430
206418
206417
206417
206416
206412
206412
206423
206420
206427
206445
206438
206453
206447
206461
206454
206456
206460
206458
206458
206465
206469
206462
206466
206460
206471
206487
206485
206500
206488
206499
206491
206497
206486
206492
206487
206487
206503
206493
206504
206504
206490
206478
206467
206473
206475
206479
206482
206489
206490
206489
206503
206503
206514
206532
206537
206543
206551
206550
206544
206547
206548
206561
206560
206571
206564
206569
206571
206571
206570
206572
206584
206587
206591
206597
206581
206580
206580
206562
206556
206563
206565
206559
206564
206567
206569
206577
206576
206577
206594
206595
206595
206612
206604
206590
206590
206581
206582
206590
206600
206597
206603
206613
206609
206623
206620
206624
206609
206621
206619
206607
206611
206609
206595
206584
206582
206569
206570
206564
206578
206576
206583
206582
206586
206605
206608
206609
206619
206629
206629
206637
206634
206624
206612
206599
206599
206593
206605
206598
206588
206601
206590
206587
206585
206582
206586
206601
206582
206601
206599
206598
206606
206598
206587
206574
206586
206580
206581
206582
206599
206598
206583
206610