7344
7353
7359
7475
7475
7475
7472
7475
7483
7480
7476
7473
7480
7479
7464
7450
7446
7436
7433
7427
7429
7435
7432
7434
7441
7444
7447
7447
7452
7451
7452
7452
7450
7447
7459
7451
7449
7462
7460
7457
7453
7459
7463
7461
7456
7461
7460
7462
7465
7460
7463
7459
7457
7465
7458
7462
7461
7466
7466
7467
7470
7470
7472
7472
7474
7474
7475
7470
7477
7476
7473
7467
7476
7473
7473
7472
7478
7477
7477
7481
7481
7478
7484
7481
7481
7482
7479
7483
7480
7483
7481
7482
7482
7483
7482
7488
7479
7471
7462
7448
7446
7445
7441
7436
7441
7444
7442
7445
7445
7452
7453
7452
7461
7463
7458
7460
7467
7462
7460
7465
7467
7463
7462
7465
7464
7458
7464
7466
7454
7458
7458
7458
7458
7459
7464
7465
7464
7466
7467
7467
7470
7471
7473
7472
7473
7471
7481
7470
7469
7473
7473
7472
7469
7471
7476
7468
7472
7478
7473
7473
7476
7475
7476
7478
7478
7474
7473
7475
7472
7474
7477
7475
7477
7476
7471
7481
7479
7480
7464
7462
7452
7439
7431
7435
7425
7433
7428
7431
7439
7436
7441
7447
7445
7447
7448
7452
7445
7455
7452
7448
7449
7454
7453
7450
7455
7453
7454
7447
7449
7452
7454
7449
7450
7453
7455
7449
7453
7454
7452
7455
7460
7457
7458
7465
7457
7459
7461
7465
7465
7462
7464
7472
7466
7464
7467
7470
7466
7462
7464
7469
7463
7463
7468
7465
7467
7466
7470
7475
7473
7471
7475
7475
7472
7477
7472
7466
7452
7442
7435
7428
7422
7430
7427
7429
7432
7439
7437
7443
7444
7447
7447
7450
7449
7448
7451
7456
7457
7450
7457
7456
7453
7458
7461
7453
7454
7456
7453
7452
7458
7453
7454
7458
7461
7460
7459
7459
7463
7460
7466
7467
7470
7469
7471
7466
7468
7477
7472
7467
7475
7469
7474
7476
7478
7474
7473
7475
7473
7477
7480
7473
7472
7483
7476
7474
7481
7476
7480
7484
7484
7470
7462
7453
7444
7432
7439
7437
7436
7438
7442
7438
7447
7452
7452
7452
7453
7453
7451
7452
7456
7456
7453
7460
7461
7458
7464
7465
7463
7463
7460
7457
7462
7463
7458
7462
7463
7467
7464
7465
7468
7468
7464
7473
7471
7469
7475
7471
7477
7474
7478
7472
7478
7481
7474
7480
7479
7473
7478
7474
7477
7477
7484
7486
7484
7488
7485
7483
7489
7485
7480
7482
7488
7485
7490
7487
7488
7491
7483
7478
7465
7460
7449
7454
7442
7446
7442
7447
7449
7457
7450
7462
7455
7456
7461
7461
7461
7460
7460
7466
7463
7464
7466
7471
7467
7466
7471
7467
7458
7462
7465
7463
7466
7473
7466
7473
7470
7467
7479
7479
7472
7477
7478
7468
7477
7480
7477
7483
7488
7480
7479
7482
7483
7482
7483
7485
7476
7482
7485
7495
7488
7484
7486
7485
7485
7478
7491
7485
7483
7486
7483
7483
7488
7487
7492
7485
7480
7480
7465
7458
7450
7442
7447
7442
7445
7445
7448
7447
7452
7458
7460
7458
7464
7459
7462
7463
7457
7464
7460
7459
7464
7461
7468
7465
7465
7469
7464
7463
7467
7460
7463
7465
7464
7465
7463
7464
7465
7469
7467
7470
7466
7470
7474
7475
7475
7471
7470
7482
7473
7472
7475
7470
7482
7471
7471
7476
7471
7481
7478
7475
7483
7477
7473
7479
7474
7475
7482
7473
7473
7477
7478
7475
7488
7476
7473
7467
7451
7443
7440
7429
7427
7431
7427
7436
7435
7430
7440
7441
7441
7444
7450
7452
7440
7443
7451
7447
7451
7453
7443
7453
7451
7448
7449
7450
7449
7448
7447
7451
7451
7456
7453
7451
7458
7454
7461
7466
7460
7457
7461
7461
7466
7469
7465
7470
7467
7470
7476
7469
7478
7469
7473
7476
7468
7476
7475
7474
7472
7477
7475
7479
7477
7474
7477
7479
7474
7481
7472
7476
7482
7483
7467
7459
7451
7440
7435
7432
7426
7434
7441
7437
7445
7444
7450
7449
7446
7458
7454
7451
7455
7455
7451
7457
7461
7460
7468
7458
7463
7458
7454
7462
7458
7462
7462
7460
7464
7466
7463
7464
7463
7467
7472
7462
7468
7468
7471
7468
7477
7470
7470
7479
7478
7475
7477
7477
7476
7482
7479
7483
7488
7482
7481
7484
7484
7481
7483
7483
7487
7482
7490
7482
7488
7486
7491
7490
7492
7486
7492
7478
7476
7462
7452
7446
7445
7440
7443
7441
7449
7453
7453
7456
7465
7458
7467
7461
7458
7467
7459
7468
7463
7466
7469
7474
7469
7468
7467
7469
7472
7473
7468
7477
7469
7475
7477
7467
7473
7478
7474
7478
7476
7475
7480
7471
7477
7488
7483
7487
7487
7483
7485
7487
7485
7487
7483
7486
7488
7484
7489
7489
7482
7491
7485
7492
7495
7490
7490
7493
7489
7491
7493
7488
7498
7491
7499
7495
7493
7499
7502
7501
7503
7486
7481
7468
7453
7451
7447
7443
7453
7448
7453
7457
7458
7466
7464
7459
7470
7469
7472
7468
7470
7466
7468
7475
7465
7473
7474
7469
7474
7468
7468
7471
7468
7475
7472
7466
7477
7472
7470
7481
7473
7477
7482
7476
7481
7478
7476
7481
7480
7478
7483
7484
7484
7488
7483
7489
7484
7483
7485
7486
7480
7487
7484
7487
7488
7484
7486
7491
7486
7486
7490
7479
7491
7495
7482
7487
7487
7485
7492