7270
7264
7263
7266
7265
7262
7265
7265
7274
7268
7271
7271
7268
7271
7268
7273
7271
7272
7269
7272
7271
7274
7268
7278
7268
7271
7266
7275
7271
7275
7271
7273
7273
7275
7270
7275
7271
7273
7271
7282
7264
7260
7244
7232
7233
7219
7224
7222
7230
7225
7235
7235
7240
7244
7247
7255
7250
7255
7252
7254
7252
7254
7254
7252
7257
7254
7259
7247
7255
7243
7248
7247
7254
7248
7253
7251
7257
7259
7254
7260
7259
7264
7263
7260
7256
7265
7261
7262
7262
7261
7263
7269
7270
7272
7265
7269
7265
7262
7267
7272
7270
7266
7265
7262
7268
7271
7276
7270
7277
7274
7275
7273
7277
7272
7278
7266
7258
7239
7237
7235
7225
7225
7224
7232
7234
7240
7238
7246
7242
7252
7250
7259
7254
7256
7254
7252
7254
7256
7257
7254
7261
7247
7257
7258
7258
7251
7258
7256
7260
7257
7263
7254
7257
7258
7257
7260
7260
7263
7264
7263
7263
7267
7265
7274
7266
7271
7266
7270
7266
7274
7272
7273
7272
7271
7273
7271
7277
7275
7270
7280
7268
7273
7271
7282
7273
7278
7276
7281
7277
7279
7280
7281
7269
7263
7251
7240
7236
7229
7232
7233
7239
7235
7245
7244
7251
7250
7257
7253
7257
7262
7260
7261
7256
7258
7260
7260
7259
7261
7257
7267
7253
7263
7259
7257
7259
7264
7257
7260
7262
7267
7261
7265
7265
7271
7267
7272
7268
7268
7272
7269
7267
7278
7275
7272
7276
7274
7270
7273
7277
7272
7277
7278
7284
7272
7281
7279
7277
7276
7278
7274
7279
7270
7277
7270
7280
7278
7284
7275
7277
7282
7284
7282
7286
7270
7261
7242
7243
7236
7232
7236
7237
7244
7238
7251
7253
7256
7255
7257
7260
7261
7267
7266
7265
7264
7265
7262
7264
7262
7260
7257
7264
7256
7263
7262
7260
7257
7267
7263
7263
7264
7265
7265
7267
7267
7272
7265
7266
7274
7270
7270
7270
7276
7270
7276
7268
7275
7272
7280
7273
7274
7274
7273
7277
7280
7271
7275
7274
7271
7278
7270
7274
7277
7279
7273
7283
7275
7279
7276
7279
7279
7285
7284
7282
7276
7267
7251
7241
7232
7235
7229
7241
7239
7238
7242
7245
7254
7252
7255
7254
7262
7263
7263
7262
7266
7258
7259
7263
7263
7266
7261
7263
7256
7260
7253
7255
7251
7257
7263
7258
7258
7263
7262
7256
7268
7264
7268
7262
7265
7268
7267
7268
7271
7262
7269
7267
7276
7273
7273
7275
7277
7275
7278
7272
7275
7280
7273
7273
7272
7278
7270
7278
7277
7279
7276
7279
7273
7280
7276
7275
7269
7249
7246
7232
7238
7233
7231
7233
7238
7238
7248
7241
7253
7249
7256
7257
7266
7257
7259
7262
7259
7261
7259
7265
7259
7255
7261
7255
7254
7255
7254
7260
7253
7258
7259
7260
7259
7260
7260
7265
7260
7267
7267
7271
7263
7273
7269
7268
7265
7270
7271
7274
7275
7271
7274
7270
7280
7270
7270
7267
7274
7276
7282
7270
7277
7279
7275
7271
7278
7285
7277
7281
7274
7278
7273
7265
7254
7244
7232
7237
7228
7238
7239
7246
7249
7248
7249
7255
7254
7256
7263
7261
7261
7267
7262
7267
7259
7269
7259
7266
7258
7263
7253
7263
7254
7260
7257
7262
7264
7256
7263
7260
7259
7260
7266
7261
7270
7259
7272
7269
7273
7271
7274
7270
7273
7274
7274
7276
7277
7277
7281
7276
7274
7276
7274
7282
7280
7283
7272
7283
7274
7279
7274
7280
7277
7284
7278
7286
7282
7285
7283
7267
7252
7240
7242
7229
7237
7233
7238
7238
7244
7253
7258
7257
7260
7265
7264
7264
7261
7266
7264
7266
7259
7266
7263
7267
7262
7264
7256
7263
7259
7259
7260
7269
7259
7264
7258
7264
7264
7269
7265
7267
7264
7261
7264
7267
7263
7268
7271
7271
7279
7271
7271
7273
7278
7276
7278
7273
7275
7282
7270
7280
7269
7276
7270
7283
7273
7281
7275
7274
7275
7279
7273
7276
7271
7279
7279
7281
7279
7263
7255
7240
7237
7239
7230
7222
7236
7231
7243
7246
7248
7251
7258
7257
7260
7261
7265
7260
7265
7262
7266
7260
7257
7267
7258
7264
7252
7259
7253
7251
7249
7255
7259
7259
7258
7263
7259
7259
7258
7256
7256
7260
7265
7260
7262
7261
7267
7262
7260
7266
7269
7259
7269
7258
7275
7264
7273
7263
7272
7263
7269
7264
7267
7264
7273
7274
7274
7271
7270
7272
7268
7275
7259
7252
7234
7229
7223
7227
7219
7223
7222
7231
7233
7239
7245
7249
7245
7254
7250
7253
7253
7255
7252
7253
7258
7249
7248
7253
7251
7249
7253
7251
7251
7246
7251
7246
7246
7249
7253
7253
7252
7253
7255
7259
7252
7259
7255
7261
7257
7262
7259
7267
7263
7271
7263
7268
7266
7261
7267
7269
7268
7267
7264
7268
7271
7266
7265
7261
7267
7263
7273
7266
7269
7261
7257
7237
7229
7225
7220
7218
7223
7224
7236
7230
7237
7242
7246
7249
7248
7258
7250
7252
7251
7255
7248
7248
7253
7257
7259
7252
7256
7249
7250
7253
7258
7253
7255
7252
7255
7252
7257
7261
7253
7257
7260
7262
7259
7261
7257
7266
7266
7266
7264
7264
7268
7265
7268
7265
7268
7265
7270
7268
7275
7266
7271
7271
7269
7269
7273
7266
7267
7268
7273
7268
7275
7271