7174
7169
7176
7219
7224
7214
7226
7218
7227
7225
7228
7217
7230
7232
7226
7231
7224
7227
7222
7233
7224
7230
7228
7232
7228
7230
7230
7235
7234
7239
7234
7232
7241
7236
7231
7218
7215
7200
7195
7186
7195
7185
7190
7189
7194
7199
7201
7208
7207
7209
7215
7216
7207
7220
7211
7218
7214
7220
7214
7215
7213
7211
7219
7215
7217
7208
7216
7212
7207
7217
7215
7218
7222
7224
7219
7219
7222
7228
7225
7233
7226
7233
7230
7232
7234
7231
7240
7230
7236
7240
7235
7238
7236
7240
7235
7239
7234
7239
7239
7236
7238
7239
7240
7242
7235
7241
7238
7242
7240
7245
7236
7229
7216
7213
7203
7199
7190
7194
7194
7192
7200
7200
7209
7202
7215
7211
7221
7216
7220
7223
7224
7219
7211
7224
7213
7221
7218
7221
7220
7222
7221
7210
7218
7220
7226
7213
7225
7219
7227
7214
7228
7229
7233
7226
7236
7230
7233
7236
7236
7238
7239
7233
7239
7244
7240
7244
7237
7245
7236
7246
7245
7246
7239
7239
7241
7242
7244
7244
7245
7242
7247
7243
7248
7245
7250
7248
7249
7247
7243
7231
7223
7210
7205
7200
7196
7197
7195
7197
7198
7204
7202
7215
7213
7229
7217
7229
7218
7225
7222
7223
7221
7222
7219
7224
7223
7223
7221
7225
7222
7218
7222
7220
7223
7221
7227
7218
7229
7224
7229
7221
7229
7230
7232
7236
7230
7239
7237
7238
7235
7239
7235
7238
7241
7241
7231
7244
7241
7240
7236
7237
7236
7233
7237
7238
7240
7232
7243
7238
7240
7241
7239
7233
7243
7232
7229
7210
7202
7202
7194
7196
7189
7194
7195
7198
7197
7208
7204
7217
7214
7215
7215
7218
7220
7223
7220
7221
7224
7218
7223
7217
7216
7215
7213
7215
7210
7217
7217
7216
7214
7221
7219
7216
7220
7227
7223
7224
7225
7231
7224
7227
7235
7228
7240
7230
7236
7231
7239
7233
7238
7237
7237
7231
7234
7234
7234
7236
7233
7239
7235
7243
7234
7244
7237
7239
7231
7226
7217
7205
7203
7191
7200
7185
7195
7191
7204
7200
7208
7211
7218
7219
7221
7214
7217
7225
7214
7224
7218
7221
7223
7224
7221
7220
7214
7216
7217
7216
7218
7214
7216
7220
7215
7221
7220
7227
7223
7231
7226
7229
7232
7240
7233
7241
7231
7237
7236
7237
7235
7245
7239
7240
7239
7244
7245
7238
7242
7239
7242
7243
7245
7242
7246
7245
7242
7244
7244
7247
7228
7221
7207
7204
7195
7198
7192
7195
7195
7205
7207
7207
7215
7221
7217
7223
7217
7220
7220
7220
7218
7228
7223
7218
7224
7226
7225
7219
7221
7220
7221
7215
7222
7220
7225
7223
7222
7222
7225
7233
7230
7236
7231
7240
7238
7244
7237
7231
7239
7240
7245
7244
7240
7243
7237
7250
7241
7250
7239
7254
7246
7245
7245
7250
7242
7247
7246
7252
7249
7249
7252
7250
7247
7247
7240
7223
7215
7210
7204
7193
7196
7193
7199
7201
7209
7209
7211
7212
7216
7219
7219
7222
7219
7224
7216
7224
7220
7229
7223
7222
7222
7222
7219
7218
7221
7216
7225
7219
7222
7213
7224
7221
7231
7224
7231
7227
7230
7227
7233
7227
7225
7235
7232
7233
7233
7240
7234
7238
7239
7233
7238
7231
7237
7233
7242
7236
7243
7238
7239
7237
7236
7237
7244
7242
7238
7242
7238
7243
7231
7235
7213
7213
7197
7197
7193
7197
7191
7201
7194
7200
7208
7207
7212
7212
7217
7212
7220
7216
7214
7217
7218
7217
7215
7216
7215
7214
7215
7218
7210
7214
7212
7219
7210
7218
7214
7214
7215
7224
7220
7223
7226
7228
7232
7227
7228
7222
7231
7230
7238
7231
7241
7232
7242
7231
7238
7236
7226
7236
7233
7233
7238
7231
7236
7235
7239
7233
7241
7234
7244
7237
7236
7229
7229
7211
7202
7202
7196
7196
7189
7196
7197
7201
7202
7213
7210
7215
7214
7223
7219
7223
7214
7225
7217
7216
7220
7217
7221
7223
7224
7214
7224
7214
7218
7219
7213
7224
7214
7222
7220
7226
7221
7233
7228
7231
7230
7235
7234
7231
7233
7231
7233
7234
7238
7235
7240
7234
7233
7230
7235
7238
7231
7237
7241
7242
7237
7246
7237
7242
7240
7242
7245
7245
7248
7241
7246
7237
7230
7219
7208
7200
7196
7197
7194
7197
7196
7207
7203
7214
7213
7222
7218
7221
7221
7222
7222
7225
7223
7225
7223
7224
7230
7219
7229
7219
7225
7219
7227
7218
7224
7222
7222
7225
7227
7227
7230
7232
7227
7232
7237
7238
7240
7240
7233
7240
7236
7245
7238
7238
7238
7247
7241
7239
7250
7240
7245
7240
7251
7243
7244
7245
7245
7243
7248
7245
7255
7244
7247
7253
7244
7252
7249
7255
7255
7259
7243
7238
7218
7215
7206
7196
7200
7191
7201
7195
7207
7206
7215
7213
7221
7221
7226
7226
7228
7228
7222
7222
7218
7226
7223
7230
7220
7225
7220
7222
7219
7222
7217
7223
7215
7221
7222
7224
7229
7225
7230
7228
7227
7229
7226
7233
7232
7233
7232
7233
7231
7242
7233
7240
7233
7241
7232
7239
7239
7242
7237
7240
7241
7237
7239
7231
7241
7237
7244
7233
7242
7239
7242
7241
7243
7241
7245
7250
7239
7238
7229
7217
7211
7199
7200
7198
7193
7193
7203
7201
7205
7204
7213
7216
7217