7614
7614
7613
7699
7695
7696
7703
7699
7706
7698
7701
7701
7707
7691
7696
7681
7668
7655
7646
7636
7636
7631
7634
7636
7644
7648
7662
7660
7665
7662
7671
7665
7670
7674
7676
7669
7674
7672
7675
7674
7675
7672
7683
7673
7683
7679
7680
7679
7679
7680
7686
7682
7681
7683
7684
7688
7692
7683
7688
7690
7691
7689
7693
7690
7695
7695
7704
7694
7700
7697
7700
7694
7702
7696
7703
7702
7700
7700
7701
7701
7710
7704
7712
7703
7707
7707
7710
7703
7710
7703
7709
7694
7692
7678
7659
7650
7647
7641
7650
7641
7652
7652
7665
7664
7673
7675
7678
7679
7685
7678
7689
7683
7686
7683
7687
7681
7685
7682
7689
7680
7687
7683
7685
7680
7688
7684
7687
7691
7689
7691
7688
7692
7688
7692
7689
7695
7691
7694
7691
7700
7695
7693
7697
7699
7698
7701
7692
7703
7702
7706
7702
7699
7707
7700
7705
7698
7705
7699
7709
7701
7708
7706
7707
7701
7704
7698
7695
7683
7675
7658
7652
7632
7631
7619
7627
7619
7637
7638
7649
7650
7664
7658
7664
7666
7671
7668
7668
7674
7674
7674
7679
7672
7674
7667
7675
7670
7667
7662
7675
7671
7671
7668
7670
7677
7677
7676
7683
7677
7682
7679
7684
7683
7683
7681
7692
7689
7691
7692
7690
7696
7693
7700
7695
7696
7691
7698
7698
7702
7690
7703
7697
7705
7695
7701
7696
7704
7700
7705
7693
7692
7685
7679
7652
7651
7638
7630
7620
7625
7625
7636
7646
7648
7659
7663
7665
7666
7668
7670
7673
7671
7671
7675
7675
7677
7675
7683
7667
7680
7674
7683
7676
7676
7673
7678
7673
7680
7678
7692
7680
7690
7682
7691
7691
7690
7685
7693
7693
7696
7694
7696
7693
7700
7702
7698
7693
7702
7697
7707
7702
7702
7701
7703
7705
7704
7704
7705
7708
7694
7707
7707
7705
7705
7708
7700
7700
7690
7683
7657
7653
7635
7629
7622
7629
7626
7635
7647
7654
7656
7660
7670
7668
7672
7672
7670
7678
7673
7679
7672
7679
7673
7682
7670
7676
7674
7671
7675
7684
7678
7678
7677
7685
7679
7685
7683
7685
7684
7686
7683
7691
7690
7693
7695
7698
7692
7697
7697
7696
7702
7701
7701
7707
7701
7706
7703
7707
7701
7710
7709
7711
7702
7710
7712
7711
7714
7713
7710
7716
7711
7712
7708
7720
7712
7718
7704
7705
7699
7695
7679
7665
7646
7644
7634
7633
7638
7647
7644
7659
7661
7675
7672
7672
7673
7680
7676
7682
7676
7684
7680
7683
7676
7683
7681
7686
7684
7684
7683
7685
7684
7684
7686
7690
7693
7690
7691
7691
7698
7692
7699
7695
7700
7695
7697
7705
7694
7704
7695
7704
7703
7709
7703
7714
7705
7708
7708
7712
7708
7708
7705
7710
7703
7709
7708
7709
7711
7709
7714
7709
7710
7706
7714
7712
7717
7712
7717
7707
7704
7699
7692
7677
7661
7647
7647
7638
7637
7635
7647
7656
7666
7672
7673
7675
7672
7681
7681
7684
7685
7686
7685
7688
7679
7687
7680
7682
7676
7678
7676
7678
7673
7676
7677
7682
7681
7688
7683
7685
7686
7681
7685
7692
7687
7693
7688
7692
7688
7695
7689
7692
7700
7701
7695
7698
7701
7700
7704
7700
7702
7701
7700
7701
7702
7704
7706
7708
7705
7710
7702
7710
7707
7711
7710
7709
7709
7701
7699
7691
7677
7654
7655
7643
7646
7638
7646
7647
7653
7661
7668
7669
7673
7677
7679
7684
7677
7680
7685
7678
7685
7681
7686
7680
7681
7675
7684
7679
7682
7678
7683
7687
7674
7683
7685
7688
7687
7688
7686
7693
7688
7691
7686
7698
7692
7694
7696
7697
7692
7698
7701
7691
7706
7706
7700
7704
7694
7701
7706
7702
7703
7707
7702
7710
7704
7709
7704
7710
7705
7703
7707
7707
7693
7690
7677
7663
7654
7642
7641
7638
7641
7644
7650
7663
7665
7671
7677
7673
7678
7676
7679
7681
7681
7684
7687
7686
7683
7686
7689
7683
7687
7683
7690
7684
7689
7684
7691
7687
7692
7688
7697
7693
7695
7691
7702
7697
7696
7703
7699
7709
7704
7704
7705
7709
7709
7711
7713
7708
7712
7712
7716
7710
7713
7711
7718
7718
7718
7720
7721
7717
7720
7712
7721
7716
7723
7720
7717
7710
7710
7699
7696
7684
7672
7659
7661
7655
7660
7671
7672
7678
7678
7688
7688
7690
7695
7698
7694
7699
7696
7701
7698
7704
7697
7699
7700
7699
7698
7697
7698
7698
7697
7699
7703
7698
7706
7700
7704
7705
7710
7702
7707
7699
7712
7706
7715
7708
7713
7715
7714
7718
7718
7720
7716
7721
7719
7723
7715
7724
7724
7724
7719
7725
7719
7721
7725
7720
7720
7724
7727
7726
7726
7724
7728
7725
7716
7710
7707
7695
7681
7665
7663
7656
7655
7658
7664
7664
7675
7675
7681
7684
7684
7687
7697
7690
7696
7694
7697
7695
7696
7701
7691
7696
7687
7695
7690
7693
7688
7688
7698
7692
7698
7690
7695
7695
7701
7693
7698
7698
7699
7695
7708
7700
7705
7702
7709
7705
7704
7708
7701
7711
7707
7712
7710
7711
7709
7709
7711
7710
7712
7709
7711
7705
7710
7713
7712
7715
7715
7714
7710
7701
7691
7671
7669
7648
7653
7642
7641
7641
7650
7656
7660
7664
7673
7668
7680
7680
7683
7684
7686
7685