7347
7348
7342
7372
7377
7378
7375
7385
7384
7379
7390
7381
7381
7380
7378
7382
7385
7378
7380
7378
7374
7381
7376
7375
7380
7380
7383
7383
7380
7381
7388
7384
7387
7384
7385
7394
7384
7389
7400
7395
7397
7392
7394
7398
7396
7398
7398
7392
7395
7397
7395
7399
7396
7399
7395
7397
7401
7398
7402
7403
7399
7407
7398
7396
7404
7393
7383
7383
7368
7368
7361
7360
7365
7361
7354
7363
7368
7364
7372
7369
7381
7381
7378
7376
7378
7381
7392
7379
7384
7385
7384
7385
7383
7379
7383
7378
7381
7380
7380
7385
7380
7385
7388
7382
7382
7387
7388
7394
7392
7387
7395
7393
7386
7400
7394
7397
7401
7395
7395
7400
7398
7399
7403
7399
7400
7400
7400
7407
7402
7401
7409
7403
7410
7401
7402
7409
7402
7410
7406
7405
7406
7403
7398
7384
7383
7381
7371
7372
7367
7363
7372
7366
7369
7367
7377
7370
7384
7379
7378
7386
7380
7380
7386
7386
7385
7389
7384
7382
7386
7386
7386
7387
7381
7386
7386
7388
7385
7384
7386
7389
7389
7393
7389
7395
7396
7388
7393
7393
7396
7402
7398
7396
7404
7401
7403
7406
7406
7410
7400
7407
7407
7401
7406
7409
7403
7411
7407
7406
7403
7400
7408
7408
7403
7413
7410
7413
7417
7411
7412
7417
7413
7410
7406
7400
7395
7393
7388
7382
7376
7376
7374
7373
7379
7380
7375
7380
7385
7385
7391
7386
7394
7393
7394
7393
7393
7390
7391
7390
7393
7394
7391
7391
7400
7390
7389
7398
7391
7392
7398
7394
7397
7394
7402
7398
7399
7399
7407
7404
7405
7408
7407
7408
7405
7402
7411
7407
7409
7410
7404
7409
7411
7408
7409
7414
7410
7410
7410
7408
7415
7408
7408
7416
7408
7412
7415
7402
7413
7413
7411
7419
7414
7411
7413
7400
7395
7393
7385
7378
7379
7371
7375
7373
7373
7382
7376
7381
7387
7387
7389
7389
7393
7395
7391
7391
7395
7392
7393
7395
7392
7394
7391
7389
7395
7387
7388
7392
7381
7392
7389
7391
7395
7388
7385
7396
7392
7396
7402
7397
7399
7403
7398
7401
7403
7400
7406
7400
7405
7406
7401
7408
7406
7403
7410
7402
7409
7409
7405
7411
7408
7409
7412
7406
7412
7410
7414
7413
7409
7407
7412
7398
7393
7391
7383
7380
7377
7374
7374
7374
7369
7374
7374
7375
7382
7383
7383
7387
7386
7385
7391
7388
7391
7397
7389
7397
7389
7391
7394
7389
7395
7388
7385
7393
7390
7391
7393
7389
7397
7394
7394
7402
7399
7397
7399
7395
7403
7403
7400
7405
7407
7400
7406
7404
7404
7408
7410
7402
7403
7410
7408
7408
7407
7409
7408
7407
7409
7411
7412
7412
7415
7416
7414
7418
7414
7402
7404
7395
7388
7385
7376
7374
7379
7375
7380
7374
7380
7387
7382
7389
7389
7388
7392
7393
7392
7396
7393
7397
7401
7394
7393
7391
7394
7396
7389
7391
7394
7388
7393
7393
7392
7387
7393
7396
7393
7392
7399
7399
7399
7403
7399
7405
7405
7410
7413
7401
7408
7410
7409
7412
7412
7415
7416
7410
7409
7417
7413
7416
7416
7414
7415
7415
7415
7414
7414
7414
7416
7418
7415
7415
7411
7403
7404
7389
7395
7383
7372
7381
7376
7377
7384
7380
7383
7393
7386
7392
7394
7392
7400
7391
7388
7401
7400
7396
7399
7399
7395
7407
7401
7400
7398
7399
7404
7397
7400
7404
7402
7399
7402
7399
7403
7405
7399
7409
7408
7407
7408
7406
7407
7416
7412
7405
7413
7412
7410
7416
7414
7412
7419
7412
7417
7413
7413
7418
7417
7412
7418
7413
7410
7418
7419
7417
7422
7416
7420
7426
7414
7415
7410
7395
7400
7382
7379
7384
7377
7379
7383
7377
7379
7380
7387
7391
7385
7392
7394
7395
7397
7399
7399
7392
7397
7391
7388
7401
7389
7390
7397
7394
7394
7390
7396
7394
7394
7398
7391
7397
7400
7398
7399
7398
7397
7402
7399
7402
7400
7395
7407
7403
7398
7409
7408
7408
7414
7409
7402
7405
7395
7405
7410
7408
7404
7408
7403
7405
7408
7404
7408
7400
7405
7407
7399
7397
7390
7383
7383
7369
7369
7366
7370
7367
7369
7370
7374
7372
7373
7380
7382
7385
7385
7383
7388
7387
7386
7392
7391
7390
7386
7381
7391
7386
7386
7392
7378
7386
7384
7382
7393
7388
7391
7391
7389
7390
7393
7394
7398
7395
7400
7406
7397
7401
7406
7395
7399
7406
7399
7403
7403
7401
7406
7403
7402
7405
7395
7409
7398
7407
7405
7399
7408
7407
7398
7393
7383
7376
7381
7370
7365
7367
7369
7368
7369
7371
7377
7376
7376
7379
7379
7378
7380
7380
7383
7387
7382
7380
7386
7382
7386
7387
7384
7387
7384
7385
7384
7380
7387
7383
7388
7386
7385
7390
7389
7388
7393
7389
7394
7399
7398
7403
7395
7398
7400
7400
7402
7404
7397
7400
7400
7396
7409
7401
7407
7406
7398
7408
7405
7404
7410
7401
7408
7408
7404
7401
7396
7389
7385
7375
7375
7366
7364
7372
7369
7371
7369
7373
7377
7374
7374
7384
7380
7382
7382
7377
7384
7384
7391
7384
7379
7387
7386
7381
7390
7389
7384
7391
7386
7387
7393
7388
7389
7388
7388
7396
7393
7392
7399
7396
7397
7394
7393
7402
7396
7393
7399
7394
7399
7404
7398