7002
6998
7000
7052
7054
7060
7054
7055
7057
7052
7056
7055
7057
7058
7055
7052
7058
7055
7062
7060
7062
7064
7066
7063
7065
7065
7070
7067
7064
7075
7069
7065
7072
7067
7070
7069
7064
7074
7069
7066
7074
7069
7068
7072
7072
7074
7069
7071
7075
7073
7072
7078
7067
7070
7074
7076
7082
7082
7074
7054
7027
7016
7003
7002
7003
6997
7005
7007
7015
7028
7032
7031
7042
7043
7041
7046
7046
7044
7051
7046
7052
7054
7049
7050
7049
7050
7047
7049
7050
7049
7047
7046
7050
7055
7046
7060
7063
7058
7060
7055
7064
7055
7054
7069
7065
7062
7066
7065
7071
7072
7067
7070
7072
7068
7068
7068
7078
7067
7072
7071
7067
7075
7075
7070
7073
7073
7073
7076
7079
7076
7078
7076
7072
7072
7051
7031
7018
7007
6999
7004
7004
7008
7019
7023
7025
7037
7041
7050
7051
7046
7051
7051
7045
7052
7053
7056
7059
7058
7059
7057
7052
7053
7054
7052
7059
7054
7056
7063
7055
7060
7060
7062
7067
7061
7056
7076
7065
7068
7072
7068
7077
7071
7073
7081
7075
7076
7081
7077
7082
7078
7074
7080
7076
7075
7080
7071
7078
7079
7081
7080
7082
7083
7086
7080
7088
7082
7080
7084
7069
7050
7046
7027
7028
7017
7019
7017
7025
7028
7034
7038
7042
7049
7050
7057
7058
7056
7058
7062
7066
7062
7061
7060
7063
7056
7062
7055
7059
7062
7055
7056
7064
7060
7070
7065
7064
7070
7067
7070
7071
7065
7075
7069
7076
7081
7074
7070
7077
7076
7079
7078
7077
7079
7078
7079
7091
7079
7085
7089
7082
7084
7087
7083
7084
7084
7087
7087
7082
7090
7088
7082
7089
7086
7093
7092
7085
7075
7057
7033
7026
7026
7024
7026
7023
7027
7035
7039
7046
7044
7054
7056
7060
7058
7061
7061
7067
7063
7063
7064
7065
7066
7069
7059
7065
7061
7055
7064
7061
7062
7067
7064
7067
7069
7068
7064
7066
7061
7066
7074
7071
7075
7079
7075
7081
7075
7083
7081
7080
7076
7083
7083
7083
7086
7084
7078
7090
7082
7087
7083
7076
7086
7085
7082
7084
7085
7088
7083
7083
7090
7089
7082
7090
7077
7055
7040
7027
7017
7016
7014
7021
7024
7026
7037
7041
7047
7059
7052
7060
7060
7060
7066
7069
7064
7073
7063
7062
7066
7065
7065
7067
7056
7060
7059
7062
7065
7062
7062
7068
7062
7066
7069
7064
7066
7067
7070
7078
7075
7072
7080
7076
7080
7079
7080
7084
7082
7083
7084
7081
7085
7084
7081
7088
7076
7086
7085
7081
7083
7083
7088
7085
7080
7090
7085
7088
7085
7072
7055
7036
7025
7015
7014
7013
7020
7022
7028
7040
7046
7052
7054
7052
7057
7062
7054
7062
7058
7065
7068
7068
7063
7062
7060
7067
7066
7061
7063
7060
7064
7069
7061
7060
7069
7064
7071
7068
7071
7072
7069
7077
7074
7076
7081
7081
7074
7080
7080
7079
7086
7082
7087
7082
7083
7087
7082
7088
7080
7084
7090
7086
7087
7090
7087
7089
7091
7085
7095
7090
7091
7082
7052
7044
7033
7027
7028
7025
7029
7036
7035
7044
7047
7054
7064
7058
7062
7066
7064
7070
7068
7067
7073
7070
7066
7072
7067
7067
7070
7067
7066
7071
7069
7069
7068
7068
7073
7068
7074
7075
7077
7079
7076
7071
7077
7077
7077
7083
7081
7088
7084
7085
7091
7083
7080
7088
7089
7086
7086
7090
7083
7092
7087
7085
7093
7087
7087
7087
7092
7091
7093
7092
7093
7094
7086
7077
7065
7043
7040
7025
7030
7034
7031
7037
7044
7044
7054
7056
7066
7063
7064
7067
7068
7068
7072
7069
7071
7077
7072
7072
7072
7072
7070
7074
7071
7069
7069
7068
7072
7071
7070
7078
7078
7074
7079
7079
7080
7077
7082
7083
7085
7084
7090
7080
7089
7094
7086
7089
7083
7089
7092
7089
7084
7090
7089
7087
7094
7087
7088
7096
7085
7086
7090
7088
7092
7089
7091
7094
7085
7087
7066
7048
7045
7033
7026
7033
7031
7031
7041
7043
7048
7053
7058
7064
7065
7065
7068
7063
7069
7069
7068
7071
7065
7069
7071
7062
7064
7068
7062
7060
7067
7061
7067
7066
7066
7074
7070
7072
7075
7072
7074
7076
7074
7077
7073
7076
7078
7076
7084
7081
7076
7076
7076
7078
7079
7079
7081
7082
7086
7082
7083
7082
7084
7088
7086
7082
7087
7079
7081
7087
7084
7076
7060
7042
7028
7021
7018
7016
7016
7024
7027
7032
7038
7041
7050
7055
7047
7064
7063
7064
7064
7061
7071
7069
7067
7072
7067
7063
7072
7059
7063
7064
7054
7067
7064
7067
7070
7066
7066
7069
7066
7067
7078
7075
7073
7083
7079
7079
7074
7081
7082
7076
7078
7083
7083
7082
7088
7086
7089
7084
7084
7090
7083
7080
7085
7088
7086
7089
7092
7087
7094
7080
7061
7043
7033
7027
7027
7021
7030
7030
7034
7042
7049
7048
7064
7061
7064
7066
7069
7070
7069
7070
7077
7073
7072
7070
7073
7071
7073
7071
7071
7070
7066
7065
7078
7073
7074
7074
7074
7075
7080
7076
7084
7082
7084
7088
7087
7087
7088
7086
7079
7092
7093
7086
7093
7091
7091
7088
7091
7092
7096
7097
7093
7090
7094
7092
7092
7096
7097
7094
7097
7092
7082
7071
7048
7046
7039
7037
7043
7042