7217
7228
7227
7214
7219
7220
7222
7230
7220
7228
7230
7224
7226
7227
7220
7221
7224
7222
7230
7227
7227
7232
7230
7230
7236
7232
7236
7237
7237
7248
7244
7249
7254
7249
7255
7251
7254
7260
7257
7256
7256
7252
7258
7258
7253
7259
7261
7261
7264
7260
7257
7262
7259
7266
7263
7260
7262
7253
7237
7226
7213
7207
7197
7189
7192
7195
7192
7195
7204
7212
7213
7219
7224
7228
7215
7227
7222
7223
7234
7230
7231
7234
7233
7227
7238
7238
7229
7239
7237
7235
7231
7235
7242
7237
7229
7236
7237
7242
7243
7239
7247
7247
7248
7253
7253
7251
7259
7257
7254
7257
7260
7262
7264
7259
7264
7258
7260
7266
7265
7265
7272
7263
7268
7270
7263
7268
7268
7267
7270
7270
7273
7276
7273
7276
7274
7257
7238
7236
7212
7215
7200
7193
7197
7196
7199
7206
7201
7214
7218
7223
7225
7226
7228
7232
7229
7232
7231
7230
7231
7229
7236
7233
7229
7234
7230
7230
7236
7229
7232
7238
7236
7234
7239
7229
7239
7241
7237
7241
7247
7239
7246
7245
7249
7248
7246
7248
7252
7252
7250
7256
7251
7260
7257
7250
7260
7254
7257
7259
7250
7245
7256
7248
7257
7261
7252
7257
7256
7258
7261
7258
7247
7240
7225
7203
7196
7185
7167
7170
7166
7176
7179
7179
7192
7196
7201
7204
7207
7217
7209
7213
7217
7216
7218
7215
7216
7222
7217
7217
7223
7215
7217
7217
7216
7221
7220
7223
7220
7225
7226
7225
7223
7229
7229
7228
7232
7234
7230
7244
7238
7243
7240
7242
7248
7240
7240
7245
7249
7252
7245
7246
7250
7248
7246
7250
7252
7250
7254
7250
7260
7250
7262
7258
7251
7251
7232
7215
7205
7191
7183
7181
7182
7182
7181
7181
7200
7195
7208
7207
7212
7214
7219
7217
7218
7218
7225
7221
7224
7226
7223
7223
7228
7222
7226
7225
7218
7225
7226
7220
7225
7221
7228
7228
7224
7231
7230
7228
7237
7235
7236
7245
7241
7251
7251
7250
7258
7252
7258
7255
7253
7259
7259
7255
7262
7259
7257
7267
7265
7263
7268
7262
7268
7262
7263
7266
7269
7267
7277
7272
7268
7260
7244
7226
7215
7209
7203
7193
7196
7199
7197
7203
7204
7214
7208
7221
7222
7227
7227
7227
7222
7230
7233
7234
7235
7230
7237
7237
7235
7238
7235
7237
7238
7238
7238
7242
7235
7240
7238
7234
7244
7241
7242
7252
7243
7242
7255
7247
7255
7261
7256
7256
7263
7258
7260
7259
7255
7258
7264
7260
7270
7263
7263
7262
7258
7270
7267
7264
7269
7260
7272
7269
7269
7278
7268
7271
7269
7270
7274
7278
7261
7251
7233
7215
7212
7206
7192
7198
7198
7193
7200
7205
7206
7207
7212
7222
7227
7227
7228
7227
7227
7229
7227
7234
7230
7235
7243
7230
7234
7233
7229
7229
7234
7228
7232
7234
7228
7243
7236
7233
7244
7239
7239
7241
7240
7250
7246
7247
7254
7251
7250
7254
7255
7248
7256
7257
7252
7256
7250
7256
7250
7249
7260
7252
7258
7257
7255
7260
7256
7249
7260
7254
7264
7265
7260
7266
7264
7265
7263
7258
7250
7242
7220
7209
7203
7191
7187
7186
7186
7191
7193
7205
7207
7207
7219
7215
7219
7225
7227
7226
7228
7230
7228
7232
7222
7231
7234
7227
7226
7229
7224
7226
7216
7220
7227
7229
7225
7230
7224
7228
7232
7233
7231
7241
7238
7243
7243
7244
7246
7244
7251
7253
7246
7252
7250
7251
7255
7252
7252
7256
7254
7263
7256
7251
7258
7256
7258
7259
7263
7268
7257
7269
7267
7260
7264
7266
7262
7248
7223
7212
7204
7192
7189
7188
7183
7184
7196
7195
7202
7210
7208
7219
7220
7219
7223
7222
7220
7228
7227
7230
7230
7229
7231
7234
7228
7233
7234
7230
7234
7230
7232
7233
7235
7231
7240
7232
7234
7243
7242
7241
7246
7247
7248
7257
7248
7259
7258
7254
7256
7252
7253
7260
7261
7260
7263
7260
7263
7258
7262
7263
7264
7259
7269
7266
7269
7264
7262
7273
7272
7269
7278
7273
7276
7275
7268
7255
7234
7221
7215
7207
7202
7197
7199
7197
7206
7206
7205
7217
7216
7220
7227
7223
7230
7229
7233
7239
7234
7236
7240
7229
7236
7239
7239
7239
7231
7237
7233
7231
7238
7232
7233
7240
7241
7242
7244
7241
7244
7244
7244
7247
7251
7250
7254
7251
7254
7259
7258
7259
7267
7263
7261
7264
7260
7261
7268
7262
7267
7261
7263
7268
7267
7270
7275
7267
7269
7270
7272
7274
7270
7269
7275
7264
7278
7278
7273
7274
7261
7244
7231
7215
7209
7197
7183
7199
7194
7201
7204
7202
7204
7222
7218
7222
7230
7224
7233
7236
7226
7233
7226
7231
7233
7232
7237
7231
7233
7231
7230
7236
7236
7232
7234
7229
7232
7235
7232
7239
7237
7242
7247
7240
7247
7244
7253
7255
7250
7256
7250
7251
7253
7257
7250
7259
7256
7255
7261
7254
7256
7255
7258
7257
7255
7256
7259
7253
7253
7260
7255
7261
7260
7263
7266
7256
7263
7264
7258
7248
7231
7205
7204
7185
7172
7180
7169
7172
7181
7180
7193
7191
7199
7209
7205
7210
7209
7216
7217
7217
7221
7220
7215
7218
7224
7213
7215
7218
7210
7215
7215
7211
7212
7211
7210
7220
7215
7221
7225
7221
7231