7860
7851
7846
7864
7861
7870
7865
7867
7867
7869
7871
7870
7868
7872
7874
7872
7876
7873
7883
7878
7880
7880
7884
7891
7882
7888
7882
7881
7883
7883
7886
7888
7879
7884
7889
7888
7891
7884
7888
7887
7886
7893
7890
7888
7896
7891
7889
7894
7894
7896
7897
7898
7897
7895
7887
7877
7863
7856
7854
7844
7851
7846
7843
7846
7860
7857
7867
7865
7868
7868
7870
7872
7868
7867
7873
7868
7872
7868
7870
7874
7876
7866
7869
7875
7868
7878
7870
7873
7870
7868
7879
7878
7874
7882
7879
7884
7881
7885
7890
7887
7884
7890
7882
7890
7895
7891
7890
7893
7890
7893
7891
7887
7892
7889
7893
7893
7892
7894
7894
7892
7895
7889
7893
7895
7893
7887
7899
7896
7890
7897
7898
7896
7903
7902
7901
7894
7895
7880
7869
7860
7853
7858
7850
7851
7850
7849
7864
7860
7868
7869
7868
7874
7875
7872
7874
7871
7872
7873
7871
7873
7876
7875
7874
7871
7870
7874
7872
7874
7874
7870
7871
7868
7873
7874
7875
7871
7879
7878
7876
7881
7882
7886
7882
7886
7886
7887
7883
7882
7894
7883
7886
7888
7885
7884
7887
7894
7889
7890
7888
7889
7892
7893
7895
7890
7887
7893
7887
7893
7895
7899
7898
7892
7883
7887
7872
7862
7857
7851
7853
7848
7847
7847
7849
7856
7858
7857
7861
7867
7866
7875
7873
7874
7872
7865
7870
7868
7867
7875
7869
7872
7871
7867
7871
7869
7870
7868
7864
7871
7875
7873
7873
7875
7873
7881
7875
7882
7881
7877
7881
7883
7884
7889
7884
7884
7891
7887
7894
7887
7887
7896
7888
7886
7889
7891
7890
7892
7888
7900
7889
7898
7899
7893
7896
7896
7897
7897
7893
7888
7877
7864
7854
7852
7848
7859
7846
7850
7859
7854
7860
7863
7866
7868
7866
7869
7874
7874
7872
7874
7872
7877
7873
7874
7875
7872
7875
7882
7869
7875
7874
7870
7878
7873
7874
7879
7874
7887
7878
7880
7884
7883
7889
7885
7887
7885
7887
7893
7891
7893
7895
7891
7894
7891
7892
7895
7890
7899
7891
7896
7896
7893
7896
7893
7902
7892
7896
7903
7898
7898
7901
7896
7902
7905
7903
7907
7901
7906
7893
7887
7870
7858
7857
7848
7847
7852
7854
7853
7859
7865
7871
7866
7875
7875
7875
7881
7878
7879
7877
7876
7879
7869
7878
7874
7882
7879
7871
7879
7877
7875
7883
7873
7877
7878
7881
7875
7876
7884
7882
7887
7884
7882
7890
7883
7896
7887
7884
7892
7891
7892
7894
7886
7899
7887
7895
7895
7894
7900
7894
7891
7900
7895
7896
7891
7898
7896
7895
7899
7896
7903
7903
7898
7904
7899
7901
7899
7893
7903
7899
7906
7902
7898
7890
7876
7866
7862
7852
7854
7853
7849
7857
7860
7858
7861
7858
7869
7873
7870
7872
7874
7872
7873
7873
7874
7873
7868
7877
7871
7871
7875
7865
7870
7866
7867
7869
7870
7866
7871
7870
7870
7873
7873
7878
7876
7875
7885
7878
7887
7884
7882
7891
7885
7885
7891
7887
7882
7890
7886
7895
7886
7891
7887
7879
7892
7880
7889
7895
7886
7888
7892
7886
7896
7891
7892
7891
7896
7900
7894
7900
7896
7897
7898
7890
7891
7878
7867
7862
7853
7849
7851
7847
7853
7850
7850
7860
7868
7865
7870
7868
7878
7869
7876
7867
7870
7871
7866
7870
7868
7866
7873
7865
7860
7868
7865
7865
7869
7866
7872
7876
7873
7876
7869
7871
7873
7872
7884
7881
7882
7886
7880
7881
7880
7884
7882
7885
7888
7888
7892
7889
7888
7892
7891
7892
7889
7888
7891
7885
7897
7888
7889
7893
7888
7889
7890
7891
7899
7888
7893
7902
7896
7900
7895
7885
7883
7863
7856
7848
7851
7846
7845
7845
7854
7852
7859
7861
7862
7868
7871
7874
7873
7877
7876
7873
7878
7871
7876
7871
7877
7877
7870
7873
7871
7869
7871
7877
7877
7871
7880
7873
7877
7886
7880
7881
7884
7882
7882
7880
7892
7884
7888
7891
7890
7899
7889
7893
7893
7889
7899
7894
7895
7903
7893
7895
7892
7895
7894
7891
7899
7899
7894
7897
7895
7902
7903
7903
7901
7905
7908
7908
7905
7905
7898
7886
7884
7867
7864
7855
7853
7847
7846
7853
7857
7859
7859
7869
7874
7874
7878
7879
7881
7876
7877
7883
7877
7888
7874
7881
7879
7878
7874
7879
7875
7875
7880
7877
7883
7882
7878
7884
7883
7885
7888
7886
7892
7890
7885
7892
7895
7893
7893
7896
7895
7894
7895
7899
7896
7899
7899
7900
7903
7900
7904
7895
7900
7900
7895
7900
7904
7905
7896
7902
7905
7912
7898
7908
7902
7905
7906
7905
7909
7908
7909
7896
7891
7870
7871
7857
7858
7850
7862
7857
7860
7856
7867
7872
7879
7874
7879
7884
7880
7880
7886
7883
7882
7881
7880
7889
7877
7885
7875
7878
7874
7871
7879
7873
7875
7873
7879
7876
7876
7879
7881
7882
7882
7880
7890
7879
7891
7887
7889
7890
7890
7889
7888
7890
7889
7893
7884
7889
7887
7897
7888
7896
7890
7888
7892
7893
7893
7889
7897
7886
7898
7893
7897
7890
7900
7888
7895
7879
7876
7867
7857
7853
7850
7848
7849
7849
7853
7857
7858
7869
7865
7866
7870
7874
7870
7871
7871
7874
7872
7870
7874
7871
7870
7872
7874
7869